mtllib materials.mtl
v 0.01414764 -0.0994063 0.08955781
v -0.05061424 -0.1023634 0.1119699
v -0.04321575 -0.1021883 0.1333716
v 0.02154613 -0.09923124 0.1109596
v -0.008262992 -0.09993672 0.02473013
v -0.01123106 -0.03140843 0.02519551
v -0.02068114 -0.03163207 -0.002140775
v -0.01771307 -0.1001603 -0.002606153
v -0.07302487 -0.1028938 0.04714219
v 0.01117957 -0.03087807 0.09002317
v -0.05358231 -0.03383517 0.1124352
v -0.05554652 0.01151597 0.1127432
v 0.009215355 0.0144732 0.09033117
v 0.03261483 -0.02989924 0.08260508
v 0.0355829 -0.09842753 0.08213972
v -0.09541547 -0.1039162 0.05489092
v -0.07300484 -0.1033858 0.1197186
v 0.0102042 -0.03042972 0.0177774
v 0.01317227 -0.0989579 0.01731203
v -0.04618382 -0.03366017 0.133837
v 0.01857805 -0.03070295 0.1114249
v -0.07599294 -0.03436565 0.04760756
v -0.0854429 -0.03458929 0.02027129
v -0.08247495 -0.1031175 0.01980592
v -0.09838355 -0.03538799 0.05535628
v -0.07597291 -0.03485763 0.120184
v -0.07795715 0.01098561 0.04791555
v -0.01319528 0.01394272 0.02550349
v -0.02408409 -0.1008385 -0.02229366
v -0.08884597 -0.1037957 0.0001184195
v -0.08144748 -0.1036206 0.0215202
v -0.01668561 -0.1006635 -0.000891909
v -0.04649472 -0.101369 -0.08712131
v -0.0494628 -0.03284073 -0.08665595
v -0.05891287 -0.03306437 -0.1139922
v -0.0559448 -0.1015926 -0.1144576
v -0.1112566 -0.1043261 -0.06470922
v -0.02705216 -0.03231037 -0.02182831
v -0.09181404 -0.03526747 0.0005837828
v -0.09377825 0.01008368 0.0008917302
v -0.02901638 0.01304078 -0.02152035
v -0.005616903 -0.03133154 -0.0292464
v -0.00264883 -0.09985983 -0.02971176
v -0.1336472 -0.1053486 -0.05696049
v -0.1112366 -0.1048181 0.007867157
v -0.02802753 -0.03186202 -0.09407406
v -0.02505946 -0.1003902 -0.09453943
v -0.08441556 -0.03509247 0.02198556
v -0.01965368 -0.03213525 -0.0004265606
v -0.1142247 -0.03579795 -0.06424387
v -0.1236748 -0.03602159 -0.09158014
v -0.1207067 -0.1045498 -0.09204549
v -0.1366153 -0.03682029 -0.05649514
v -0.1142046 -0.03628993 0.008332521
v -0.1161889 0.009553313 -0.0639359
v -0.05142713 0.01251042 -0.086348
v 0.09219706 -0.09609193 -0.06387246
v 0.0272702 -0.09867603 -0.04189573
v 0.03452039 -0.09840167 -0.02044426
v 0.09944713 -0.09581763 -0.04242101
v 0.07023597 -0.09692305 -0.1288506
v 0.06752193 -0.02838278 -0.12881
v 0.05826139 -0.02873313 -0.1562098
v 0.06097555 -0.09727347 -0.1562504
v 0.005309224 -0.09950709 -0.1068739
v 0.0894829 -0.02755165 -0.06383182
v 0.02455616 -0.03013575 -0.04185509
v 0.02276003 0.0152235 -0.04182818
v 0.08768678 0.0178076 -0.06380492
v 0.1109728 -0.02669632 -0.07110583
v 0.1136869 -0.09523666 -0.07114647
v -0.01713848 -0.1004005 -0.0992757
v 0.004822612 -0.09956938 -0.03429753
v 0.08901179 -0.02752745 -0.136084
v 0.09172595 -0.09606773 -0.1361247
v 0.03180623 -0.02986133 -0.02040361
v 0.09673297 -0.02727723 -0.04238039
v 0.002595067 -0.03096676 -0.1068333
v -0.006665349 -0.03131723 -0.134233
v -0.003951311 -0.09985757 -0.1342736
v -0.01985264 -0.03186023 -0.09923506
v 0.002108455 -0.03102911 -0.03425688
v 0.0007989407 0.01439238 -0.1068064
v 0.06572568 0.01697648 -0.1287831
v 0.1306697 -0.09332186 0.04985966
v 0.06587672 -0.09648192 0.07215345
v 0.07322335 -0.09603292 0.09356906
v 0.1380165 -0.09287292 0.07127525
v 0.108416 -0.09468192 -0.01500992
v 0.1049855 -0.02617419 -0.0152694
v 0.09560156 -0.0267477 -0.04262336
v 0.09903204 -0.09525537 -0.04236387
v 0.04362285 -0.09784192 0.007283881
v 0.1272393 -0.02481413 0.04960017
v 0.06244624 -0.02797413 0.07189398
v 0.06017601 0.01736343 0.07172224
v 0.124969 0.02052343 0.04942845
v 0.148685 -0.02376819 0.04222122
v 0.1521153 -0.09227598 0.04248071
v 0.0212214 -0.09893447 0.01499172
v 0.04347527 -0.09757441 0.07986128
v 0.1264311 -0.02512825 -0.02264835
v 0.1298616 -0.09363598 -0.02238888
v 0.06979287 -0.02752519 0.09330958
v 0.134586 -0.02436519 0.07101576
v 0.04019248 -0.02933419 0.007024392
v 0.03080857 -0.0299077 -0.02032955
v 0.03423905 -0.09841543 -0.02007006
v 0.01779103 -0.03042674 0.01473223
v 0.04004478 -0.02906668 0.07960181
v 0.03792214 0.01600337 0.006852657
v 0.1027153 0.01916349 -0.01544113
v 0.1059012 -0.08746183 0.03497504
v -0.04122508 -0.09417987 0.08589083
v -0.04582727 0.01207638 0.08661231
v 0.1012992 0.01879442 0.03569654
v 0.05747437 -0.08860809 -0.1051104
v 0.0528723 0.01764822 -0.1043889
v -0.09425402 0.01093018 -0.05347306
v -0.08965194 -0.09532607 -0.05419458
v -0.06034839 0.01173234 0.04460578
v -0.01838422 0.01364839 0.03008327
v -0.02030742 0.05805314 0.03038476
v -0.0622716 0.05613697 0.04490727
v -0.04582679 0.01207602 0.0866126
v -0.04775 0.05648077 0.08691409
v -0.005785823 0.05839682 0.07239158
v -0.003862619 0.01399219 0.07209009
v -0.07067692 0.2502093 0.04622476
v -0.01419115 0.2524691 0.07370906
v -0.05615532 0.250553 0.08823158
v -0.03764188 0.341414 0.03317824
v -0.09425414 0.01093078 -0.05347274
v -0.05228996 0.01284683 -0.06799525
v -0.05421317 0.05725157 -0.06769373
v -0.09617734 0.05533552 -0.05317122
v -0.07973254 0.01127446 -0.01146592
v -0.08165574 0.0556792 -0.0111644
v -0.03969157 0.05759525 -0.0256869
v -0.03776836 0.01319051 -0.02598843
v -0.06261837 0.2513238 -0.06637599
v -0.1045825 0.2494078 -0.05185347
v -0.09006095 0.2497514 -0.009846658
v -0.05702603 0.3409561 -0.02289316
v 0.01171446 0.01576853 -0.09014492
v 0.05367863 0.01768458 -0.1046674
v 0.05175543 0.06208932 -0.1043659
v 0.009791255 0.06017327 -0.0898434
v 0.02623606 0.01611221 -0.0481381
v 0.02431285 0.06051695 -0.04783658
v 0.06627703 0.062433 -0.06235907
v 0.06820023 0.01802826 -0.0626606
v 0.04335058 0.2561616 -0.1030483
v 0.001386285 0.2542455 -0.08852576
v 0.05787206 0.2565053 -0.06104143
v 0.00697875 0.3438778 -0.04504293
v 0.04481328 0.01653445 0.008212477
v 0.08677733 0.01845074 -0.006310031
v 0.08485413 0.06285536 -0.006008491
v 0.04288995 0.06093919 0.008514002
v 0.05933475 0.01687825 0.05021928
v 0.05741155 0.06128287 0.05052082
v 0.09937561 0.06319916 0.03599831
v 0.1012989 0.01879442 0.03569679
v 0.07644808 0.2569276 -0.004690573
v 0.09096968 0.2572713 0.03731625
v 0.04900551 0.2553551 0.05183877
v 0.02555466 0.3442999 0.01130792
v -0.0115 0.2517766 -0.004491553
v -0.02436614 0.2476474 0.01051474
v -0.03013229 0.2474556 0.001984894
v -0.0151124 0.2480175 0.01501738
v -0.004850507 0.248467 0.01428629
v 0.003669858 0.2488753 0.008517414
v 0.008165717 0.2491329 -0.0007435083
v 0.007432222 0.2491708 -0.01101501
v 0.001666188 0.248979 -0.01954487
v -0.007587671 0.2486087 -0.02404749
v -0.01784956 0.2481593 -0.02331641
v -0.02636993 0.2477511 -0.01754753
v -0.03086567 0.2474935 -0.00828661
v -0.03538048 0.2370894 0.02366403
v -0.0462172 0.2367289 0.00763315
v -0.01798904 0.2377852 0.0321262
v 0.001296997 0.2386298 0.03075223
v 0.01731002 0.2393969 0.01991028
v 0.02575946 0.2398812 0.002505437
v 0.02438104 0.2399524 -0.01679869
v 0.01354432 0.239592 -0.03282958
v -0.003847122 0.2388961 -0.04129174
v -0.02313328 0.2380515 -0.03991777
v -0.0391463 0.2372844 -0.02907582
v -0.04759562 0.2368003 -0.01167096
v -0.04321444 0.2213761 0.03337029
v -0.05781472 0.2208904 0.01177195
v -0.01978302 0.2223135 0.04477134
v 0.006201029 0.2234515 0.0429202
v 0.02777541 0.224485 0.02831288
v 0.03915906 0.2251374 0.004863411
v 0.03730202 0.2252334 -0.02114497
v 0.02270174 0.2247478 -0.04274333
v -0.0007296801 0.2238103 -0.05414436
v -0.02671373 0.2226723 -0.05229321
v -0.04828811 0.2216388 -0.0376859
v -0.05967188 0.2209865 -0.01423641
v -0.04692316 0.2024027 0.03846283
v -0.06352603 0.2018503 0.01390211
v -0.02027798 0.2034687 0.05142765
v 0.009270072 0.2047627 0.04932261
v 0.03380346 0.2059381 0.03271176
v 0.04674852 0.2066798 0.006045997
v 0.04463685 0.2067891 -0.02352963
v 0.02803385 0.2062368 -0.04809037
v 0.001388669 0.2051709 -0.06105517
v -0.02815926 0.2038767 -0.05895013
v -0.05269265 0.2027014 -0.0423393
v -0.06563783 0.2019597 -0.0156735
v -0.04605925 0.1824577 0.03832741
v -0.06266224 0.1819054 0.01376669
v -0.01941407 0.1835237 0.05129221
v 0.01013386 0.1848178 0.04918717
v 0.03466725 0.1859931 0.03257634
v 0.04761243 0.1867348 0.005910575
v 0.04550064 0.1868441 -0.02366506
v 0.02889776 0.1862918 -0.04822579
v 0.002252579 0.1852258 -0.06119057
v -0.02729547 0.1839318 -0.05908554
v -0.05182886 0.1827564 -0.0424747
v -0.06477404 0.1820147 -0.01580893
v -0.04072714 0.1639467 0.03298037
v -0.05532742 0.1634611 0.01138203
v -0.01729572 0.1648842 0.04438142
v 0.008688331 0.1660222 0.04253027
v 0.03026271 0.1670557 0.02792296
v 0.04164648 0.167708 0.004473478
v 0.03978932 0.1678041 -0.0215349
v 0.02518904 0.1673185 -0.04313324
v 0.001757622 0.166381 -0.05453429
v -0.02422643 0.165243 -0.05268314
v -0.04580081 0.1642095 -0.03807582
v -0.05718446 0.1635572 -0.01462634
v -0.03156972 0.1491026 0.02306662
v -0.04240644 0.1487421 0.007035747
v -0.01417828 0.1497984 0.0315288
v 0.00510788 0.150643 0.03015484
v 0.02112091 0.1514101 0.01931287
v 0.02957022 0.1518942 0.001908034
v 0.0281918 0.1519656 -0.01739609
v 0.01735508 0.1516051 -0.03342697
v -3.635883E-05 0.1509093 -0.04188915
v -0.0193224 0.1500647 -0.04051517
v -0.03533542 0.1492976 -0.02967323
v -0.04378486 0.1488134 -0.01226836
v -0.01969159 0.1397156 0.009781912
v -0.02545762 0.1395237 0.00125207
v -0.01043773 0.1400858 0.01428455
v -0.0001758337 0.1405352 0.01355347
v 0.008344531 0.1409434 0.00778459
v 0.01284027 0.141201 -0.001476333
v 0.0121069 0.1412389 -0.01174784
v 0.006340742 0.1410471 -0.02027768
v -0.002912998 0.140677 -0.0247803
v -0.01317489 0.1402276 -0.02404924
v -0.02169526 0.1398193 -0.01828036
v -0.02619112 0.1395617 -0.009019434
v -0.006525397 0.1369179 -0.00527139
vn 0.04326956 -0.9990404 -0.00678524
vn 0.9441323 0.04311064 -0.3267349
vn 0.04326992 -0.9990404 -0.00678432
vn 0.3267137 0.007732083 0.9450917
vn 0.326714 0.007732532 0.9450916
vn 0.04327022 -0.9990404 -0.006784278
vn -0.04327021 0.9990404 0.006784304
vn -0.3267145 -0.007732536 -0.9450915
vn 0.04326969 -0.9990404 -0.00678444
vn 0.9441323 0.04311066 -0.3267348
vn -0.9441324 -0.04311072 0.3267346
vn -0.04326992 0.9990404 0.006784842
vn 0.9441323 0.04311047 -0.326735
vn 0.3267139 0.007732627 0.9450916
vn -0.04326953 0.9990404 0.006785205
vn -0.9441323 -0.04311058 0.3267352
vn 0.04326987 -0.9990404 -0.006784915
vn -0.3267138 -0.007732593 -0.9450917
vn -0.3267141 -0.007732524 -0.9450915
vn -0.04326959 0.9990404 0.006784377
vn 0.3267143 0.007732535 0.9450916
vn -0.9441323 -0.04311069 0.3267349
vn -0.9441323 -0.04311099 0.3267348
vn -0.3267137 -0.007732308 -0.9450917
vn 0.9441323 0.04311066 -0.3267348
vn -0.04327013 0.9990404 0.00678468
vn 0.04326999 -0.9990404 -0.006785139
vn 0.9441321 0.04311101 -0.3267353
vn 0.04327035 -0.9990404 -0.006784219
vn 0.3267141 0.007732977 0.9450916
vn 0.3267144 0.007732785 0.9450915
vn 0.04327064 -0.9990404 -0.006784177
vn -0.04327064 0.9990404 0.006784203
vn -0.3267149 -0.007732787 -0.9450914
vn 0.04327011 -0.9990404 -0.006784339
vn 0.9441321 0.04311104 -0.3267353
vn -0.9441323 -0.0431111 0.326735
vn -0.04327035 0.9990404 0.006784742
vn 0.9441321 0.04311085 -0.3267354
vn 0.3267144 0.007732879 0.9450915
vn -0.04326995 0.9990404 0.006785104
vn -0.944132 -0.04311096 0.3267356
vn 0.0432703 -0.9990404 -0.006784813
vn -0.3267142 -0.007732845 -0.9450915
vn -0.3267145 -0.007732776 -0.9450914
vn -0.04327002 0.9990404 0.006784277
vn 0.3267147 0.007732786 0.9450914
vn -0.9441321 -0.04311107 0.3267353
vn -0.9441322 -0.0431108 0.3267352
vn -0.3267142 -0.007732906 -0.9450915
vn 0.9441322 0.04311075 -0.3267353
vn -0.04326963 0.9990404 0.006783625
vn 0.03956745 -0.9992167 -0.0005934354
vn 0.946537 0.03767179 -0.3203885
vn 0.0395678 -0.9992167 -0.0005925128
vn 0.3201599 0.0121161 0.9472861
vn 0.3201601 0.01211627 0.9472861
vn 0.0395681 -0.9992167 -0.0005924687
vn -0.03956809 0.9992167 0.000592495
vn -0.3201605 -0.01211627 -0.9472859
vn 0.03956757 -0.9992167 -0.0005926343
vn 0.946537 0.03767182 -0.3203885
vn -0.946537 -0.03767188 0.3203882
vn -0.03956781 0.9992167 0.0005930356
vn 0.9465369 0.03767163 -0.3203886
vn 0.32016 0.01211636 0.9472861
vn -0.03956741 0.9992167 0.0005934003
vn -0.9465368 -0.03767173 0.3203889
vn 0.03956775 -0.9992167 -0.0005931077
vn -0.3201599 -0.01211633 -0.947286
vn -0.3201602 -0.01211626 -0.947286
vn -0.03956747 0.9992167 0.0005925727
vn 0.3201604 0.01211627 0.947286
vn -0.9465368 -0.03767184 0.3203885
vn -0.946537 -0.03767166 0.3203884
vn -0.3201597 -0.01211609 -0.9472862
vn 0.9465369 0.03767174 -0.3203883
vn -0.03956787 0.9992167 0.0005925363
vn 0.0500107 -0.9987415 0.003781959
vn 0.9445876 0.04606839 -0.3250108
vn 0.05001105 -0.9987415 0.00378288
vn 0.3244273 0.01982756 0.9457028
vn 0.3244277 0.01982742 0.9457027
vn 0.05001135 -0.9987415 0.003782923
vn -0.05001134 0.9987415 -0.003782896
vn -0.3244282 -0.01982743 -0.9457026
vn 0.05001082 -0.9987415 0.003782759
vn 0.9445876 0.04606842 -0.3250107
vn -0.9445877 -0.04606848 0.3250105
vn -0.05001106 0.9987415 -0.003782357
vn 0.9445876 0.04606823 -0.3250109
vn 0.3244277 0.01982752 0.9457027
vn -0.05001066 0.9987416 -0.003781995
vn -0.9445875 -0.04606833 0.3250111
vn 0.050011 -0.9987415 0.003782285
vn -0.3244275 -0.01982748 -0.9457027
vn -0.3244278 -0.01982742 -0.9457027
vn -0.05001072 0.9987415 -0.003782822
vn 0.324428 0.01982743 0.9457026
vn -0.9445876 -0.04606844 0.3250108
vn -0.9445876 -0.04606842 0.3250107
vn -0.3244273 -0.01982773 -0.9457028
vn 0.9445876 0.04606842 -0.3250106
vn -0.05001114 0.9987415 -0.00378285
vn 0.3267134 0.007733161 0.9450918
vn -0.3267135 -0.007732994 -0.9450918
vn 0.04327001 -0.9990404 -0.006783703
vn -0.04326997 0.9990404 0.006783671
vn 0.9441324 0.04311039 -0.3267346
vn -0.9441324 -0.04311045 0.3267346
vn -0.326714 -0.007733453 -0.9450917
vn 0.326714 0.007733453 0.9450917
vn 0.04326959 -0.9990404 -0.006783199
vn -0.3267139 -0.007734249 -0.9450917
vn -0.9441323 -0.04310989 0.3267351
vn 0.9441323 0.04310989 -0.3267351
vn 0.9441323 0.04310872 -0.3267351
vn 0.326714 0.007734227 0.9450916
vn -0.9441323 -0.04310878 0.3267351
vn -0.04326952 0.9990404 0.006782821
vn -0.3396554 -0.01150674 -0.9404796
vn 0.9153715 0.05992247 -0.3981259
vn -0.4292147 0.2783751 0.8592334
vn -0.3267139 -0.007732621 -0.9450917
vn 0.3267139 0.007732621 0.9450917
vn 0.043269 -0.9990404 -0.006783868
vn -0.326714 -0.007732751 -0.9450917
vn -0.9441323 -0.04310955 0.326735
vn 0.9441323 0.04310955 -0.326735
vn 0.9441324 0.04310852 -0.326735
vn 0.3267139 0.007732722 0.9450917
vn -0.9441323 -0.04310855 0.3267352
vn -0.043268 0.9990405 0.006784586
vn 0.9659876 0.06156982 -0.2511518
vn 0.3396574 0.01150581 0.9404789
vn -0.8723086 0.2564007 -0.4163371
vn -0.3267137 -0.00773251 -0.9450917
vn 0.3267137 0.00773251 0.9450917
vn 0.04326873 -0.9990404 -0.006783885
vn -0.3267137 -0.007732799 -0.9450917
vn -0.9441324 -0.0431093 0.3267348
vn 0.9441324 0.0431093 -0.3267348
vn 0.9441325 0.04310707 -0.3267348
vn 0.3267137 0.007732735 0.9450917
vn -0.9441325 -0.04310712 0.3267348
vn -0.04326816 0.9990405 0.006783687
vn 0.3153543 0.009935898 0.948922
vn -0.9659882 -0.06156886 0.2511497
vn 0.3920255 0.3816227 -0.8370664
vn -0.326714 -0.007733249 -0.9450916
vn 0.326714 0.007733249 0.9450916
vn 0.04327133 -0.9990404 -0.006784018
vn -0.326714 -0.007733152 -0.9450916
vn -0.9441322 -0.0431118 0.3267351
vn 0.9441322 0.0431118 -0.3267351
vn 0.9441321 0.04311254 -0.3267351
vn 0.326714 0.007733067 0.9450916
vn -0.9441321 -0.04311262 0.3267351
vn -0.04327056 0.9990404 0.006783751
vn -0.3153546 -0.009936204 -0.9489219
vn -0.9153733 -0.0599254 0.3981215
vn 0.8191507 0.4022825 0.4088532
vn -0.1894825 0.9761308 0.1061373
vn -0.1200945 0.9787273 0.1663439
vn -0.02993711 0.9825138 0.1837675
vn 0.05683203 0.9864757 0.1537394
vn 0.1169632 0.9895515 0.08430535
vn 0.1343444 0.990917 -0.005929085
vn 0.1043183 0.9902062 -0.09278633
vn 0.03493024 0.9876097 -0.1529931
vn -0.0552271 0.9838232 -0.1704168
vn -0.1419963 0.9798613 -0.1403888
vn -0.2021276 0.9767855 -0.07095523
vn -0.2195085 0.9754201 0.0192804
vn -0.4580793 0.8400105 0.2907675
vn -0.259304 0.8474486 0.463241
vn -0.00103098 0.8582958 0.5131542
vn 0.2475358 0.8696455 0.4271332
vn 0.4197932 0.8784568 0.2282268
vn 0.4695849 0.8823684 -0.03026781
vn 0.3835693 0.8803323 -0.2790874
vn 0.1847941 0.8728942 -0.4515606
vn -0.07347888 0.862047 -0.5014736
vn -0.3220457 0.8506972 -0.4154525
vn -0.4943031 0.8418861 -0.2165463
vn -0.5440948 0.8379745 0.04194839
vn -0.6672091 0.6028695 0.4374707
vn -0.3650151 0.6141775 0.6996784
vn 0.02763206 0.6306683 0.7755604
vn 0.405523 0.6479232 0.6447843
vn 0.6674024 0.6613187 0.342391
vn 0.7430999 0.6672653 -0.05059306
vn 0.6123319 0.6641701 -0.4288679
vn 0.310138 0.6528621 -0.6910756
vn -0.0825089 0.6363712 -0.7669576
vn -0.4604 0.6191164 -0.6361814
vn -0.7222794 0.605721 -0.3337885
vn -0.7979768 0.5997741 0.05919588
vn -0.7940491 0.2974889 0.5300815
vn -0.4258325 0.3112675 0.8495759
vn 0.05260023 0.3313616 0.9420365
vn 0.5130528 0.3523857 0.7826884
vn 0.8321475 0.3687073 0.4142288
vn 0.924383 0.3759538 -0.06461392
vn 0.765045 0.3721821 -0.5255346
vn 0.3968281 0.3584035 -0.8450293
vn -0.08160441 0.3383102 -0.9374897
vn -0.5420567 0.3172856 -0.7781416
vn -0.8611515 0.3009634 -0.4096819
vn -0.9533871 0.2937174 0.06916104
vn -0.8274021 -0.03963934 0.5602094
vn -0.4365813 -0.02501523 0.899317
vn 0.07122134 -0.003688222 0.9974537
vn 0.5599408 0.01862754 0.8283232
vn 0.8986238 0.03595165 0.4372447
vn 0.9965216 0.04364229 -0.07099327
vn 0.8274021 0.03963929 -0.5602094
vn 0.4365811 0.02501449 -0.8993171
vn -0.0712212 0.003687138 -0.9974537
vn -0.5599405 -0.01862817 -0.8283234
vn -0.8986237 -0.03595199 -0.4372447
vn -0.9965216 -0.04364266 0.07099367
vn -0.765045 -0.3721822 0.5255346
vn -0.3968282 -0.3584035 0.8450292
vn 0.08160418 -0.3383099 0.9374898
vn 0.542057 -0.3172853 0.7781416
vn 0.8611515 -0.300963 0.409682
vn 0.9533871 -0.2937173 -0.06916077
vn 0.7940491 -0.2974891 -0.5300814
vn 0.4258322 -0.3112673 -0.8495762
vn -0.05259991 -0.3313611 -0.9420367
vn -0.5130528 -0.3523857 -0.7826884
vn -0.8321472 -0.3687077 -0.4142289
vn -0.9243828 -0.3759541 0.0646142
vn -0.6123321 -0.66417 0.4288679
vn -0.3101383 -0.652862 0.6910756
vn 0.08250901 -0.6363713 0.7669576
vn 0.4603999 -0.6191164 0.6361815
vn 0.7222794 -0.6057211 0.3337882
vn 0.7979766 -0.5997744 -0.05919577
vn 0.6672087 -0.6028697 -0.4374707
vn 0.3650151 -0.6141778 -0.6996782
vn -0.02763211 -0.6306684 -0.7755604
vn -0.405523 -0.6479232 -0.6447842
vn -0.6674025 -0.6613187 -0.3423911
vn -0.7430999 -0.6672653 0.05059308
vn -0.3835691 -0.8803324 0.279087
vn -0.1847941 -0.8728942 0.4515605
vn 0.07347908 -0.862047 0.5014738
vn 0.3220456 -0.8506973 0.4154524
vn 0.494303 -0.8418862 0.2165462
vn 0.5440946 -0.8379746 -0.04194834
vn 0.4580791 -0.8400106 -0.2907677
vn 0.2593041 -0.8474487 -0.4632409
vn 0.001030955 -0.8582959 -0.5131542
vn -0.2475356 -0.8696457 -0.427133
vn -0.419793 -0.8784568 -0.2282268
vn -0.4695846 -0.8823685 0.03026786
vn -0.1043182 -0.9902062 0.09278692
vn -0.03493034 -0.9876097 0.1529932
vn 0.05522725 -0.9838232 0.1704171
vn 0.1419964 -0.9798612 0.1403888
vn 0.2021276 -0.9767855 0.07095502
vn 0.2195088 -0.9754201 -0.01927972
vn 0.1894825 -0.9761308 -0.1061374
vn 0.1200946 -0.9787273 -0.1663437
vn 0.02993718 -0.9825138 -0.1837672
vn -0.05683196 -0.9864758 -0.1537393
vn -0.1169632 -0.9895516 -0.08430522
vn -0.1343444 -0.990917 0.00592934
vt -0.03059983 -0.1572844
vt -0.0306439 -0.1641437
vt -0.02837943 -0.1641582
vt -0.02833536 -0.1572989
vt -0.03485937 0.1039841
vt -0.0347543 0.1108427
vt -0.03764641 0.110887
vt -0.03775148 0.1040284
vt -0.03059967 -0.1572844
vt -0.03745893 -0.1572403
vt -0.037503 -0.1640996
vt -0.03064373 -0.1641437
vt 0.1626105 -0.1025795
vt 0.1652628 -0.1089054
vt 0.1694492 -0.1071501
vt 0.1667969 -0.1008242
vt 0.1562846 -0.1052319
vt 0.1626105 -0.1025795
vt 0.1617326 -0.1004857
vt 0.1554067 -0.1031381
vt -0.03064371 -0.1641436
vt -0.03750297 -0.1640996
vt -0.0375182 -0.1664711
vt -0.03065894 -0.1665151
vt 0.03059965 -0.1572844
vt 0.03745891 -0.1572403
vt 0.03744433 -0.15497
vt 0.03058507 -0.155014
vt -0.1626105 -0.1025795
vt -0.1562846 -0.1052318
vt -0.1554067 -0.1031381
vt -0.1617326 -0.1004857
vt -0.03745896 -0.1572403
vt -0.0305997 -0.1572844
vt -0.03058512 -0.1550141
vt -0.03744438 -0.15497
vt -0.02800074 0.1038791
vt -0.02789566 0.1107377
vt -0.03475427 0.1108427
vt -0.03485934 0.1039841
vt 0.02800064 0.1038791
vt 0.02789556 0.1107377
vt 0.02563131 0.110703
vt 0.02573639 0.1038444
vt 0.03064382 -0.1641436
vt 0.03059976 -0.1572844
vt 0.02833529 -0.1572989
vt 0.02837935 -0.1641582
vt -0.02789574 0.1107376
vt -0.02800082 0.103879
vt -0.02573657 0.1038443
vt -0.0256315 0.1107029
vt 0.1562846 -0.1052319
vt 0.158937 -0.1115577
vt 0.1652628 -0.1089054
vt 0.1626105 -0.1025795
vt 0.03745911 -0.1572403
vt 0.03750318 -0.1640996
vt 0.04039556 -0.164081
vt 0.0403515 -0.1572217
vt 0.03475445 0.1108427
vt 0.03485952 0.1039841
vt 0.03775162 0.1040284
vt 0.03764655 0.110887
vt -0.0375031 -0.1640996
vt -0.03745903 -0.1572403
vt -0.04035142 -0.1572217
vt -0.04039549 -0.164081
vt -0.1562846 -0.1052319
vt -0.1626105 -0.1025795
vt -0.1652628 -0.1089054
vt -0.158937 -0.1115577
vt -0.158937 -0.1115577
vt -0.1652628 -0.1089054
vt -0.1661799 -0.1110924
vt -0.159854 -0.1137448
vt 0.03750303 -0.1640996
vt 0.03064376 -0.1641437
vt 0.03065899 -0.1665152
vt 0.03751826 -0.1664711
vt 0.1652628 -0.1089054
vt 0.158937 -0.1115577
vt 0.159854 -0.1137448
vt 0.1661799 -0.1110924
vt 0.02800077 0.1038791
vt 0.03485937 0.1039841
vt 0.03475429 0.1108427
vt 0.02789569 0.1107377
vt 0.02789564 0.1107377
vt 0.03475424 0.1108428
vt 0.0346847 0.1153817
vt 0.0278261 0.1152766
vt -0.1652628 -0.1089054
vt -0.1626105 -0.1025795
vt -0.1667969 -0.1008242
vt -0.1694492 -0.1071501
vt -0.03475425 0.1108427
vt -0.02789565 0.1107377
vt -0.02782611 0.1152766
vt -0.03468471 0.1153817
vt 0.03059972 -0.1572843
vt 0.03064378 -0.1641436
vt 0.03750305 -0.1640995
vt 0.03745899 -0.1572403
vt -0.04242048 -0.1571696
vt -0.04246455 -0.1640289
vt -0.04020008 -0.1640434
vt -0.04015602 -0.1571841
vt -0.04668016 0.1041117
vt -0.04657509 0.1109703
vt -0.0494672 0.1110146
vt -0.04957227 0.104156
vt -0.04242032 -0.1571696
vt -0.04927958 -0.1571255
vt -0.04932364 -0.1639848
vt -0.04246438 -0.1640289
vt 0.1625461 -0.1025644
vt 0.1651985 -0.1088903
vt 0.1693848 -0.107135
vt 0.1667325 -0.1008091
vt 0.1562202 -0.1052167
vt 0.1625461 -0.1025644
vt 0.1616682 -0.1004706
vt 0.1553423 -0.103123
vt -0.04246435 -0.1640288
vt -0.04932361 -0.1639848
vt -0.04933884 -0.1663563
vt -0.04247958 -0.1664003
vt 0.0424203 -0.1571696
vt 0.04927956 -0.1571255
vt 0.04926497 -0.1548552
vt 0.04240572 -0.1548993
vt -0.1625461 -0.1025644
vt -0.1562202 -0.1052167
vt -0.1553423 -0.1031229
vt -0.1616682 -0.1004706
vt -0.04927961 -0.1571256
vt -0.04242035 -0.1571696
vt -0.04240577 -0.1548993
vt -0.04926503 -0.1548552
vt -0.03982155 0.1040066
vt -0.03971648 0.1108652
vt -0.04657508 0.1109703
vt -0.04668014 0.1041117
vt 0.03982144 0.1040066
vt 0.03971636 0.1108653
vt 0.03745211 0.1108306
vt 0.03755718 0.103972
vt 0.04246447 -0.1640288
vt 0.04242041 -0.1571696
vt 0.04015594 -0.1571841
vt 0.0402 -0.1640434
vt -0.03971655 0.1108652
vt -0.03982161 0.1040066
vt -0.03755736 0.1039719
vt -0.0374523 0.1108305
vt 0.1562202 -0.1052167
vt 0.1588726 -0.1115426
vt 0.1651984 -0.1088903
vt 0.1625461 -0.1025644
vt 0.04927975 -0.1571255
vt 0.04932382 -0.1639848
vt 0.0522162 -0.1639662
vt 0.05217214 -0.157107
vt 0.04657526 0.1109702
vt 0.04668031 0.1041116
vt 0.04957242 0.1041559
vt 0.04946736 0.1110145
vt -0.04932374 -0.1639848
vt -0.04927968 -0.1571255
vt -0.05217207 -0.157107
vt -0.05221613 -0.1639662
vt -0.1562202 -0.1052167
vt -0.1625461 -0.1025644
vt -0.1651984 -0.1088903
vt -0.1588726 -0.1115426
vt -0.1588726 -0.1115426
vt -0.1651984 -0.1088902
vt -0.1661154 -0.1110773
vt -0.1597896 -0.1137297
vt 0.04932367 -0.1639848
vt 0.0424644 -0.1640289
vt 0.04247963 -0.1664004
vt 0.0493389 -0.1663563
vt 0.1651984 -0.1088902
vt 0.1588726 -0.1115426
vt 0.1597896 -0.1137297
vt 0.1661154 -0.1110773
vt 0.03982157 0.1040066
vt 0.04668017 0.1041117
vt 0.0465751 0.1109703
vt 0.0397165 0.1108652
vt 0.03971645 0.1108652
vt 0.04657505 0.1109702
vt 0.04650551 0.1155092
vt 0.03964692 0.1154041
vt -0.1651984 -0.1088903
vt -0.1625461 -0.1025644
vt -0.1667325 -0.1008091
vt -0.1693848 -0.107135
vt -0.04657507 0.1109702
vt -0.03971647 0.1108652
vt -0.03964694 0.1154041
vt -0.04650554 0.1155092
vt 0.04242026 -0.1571697
vt 0.04246432 -0.164029
vt 0.04932358 -0.1639849
vt 0.04927953 -0.1571257
vt -0.0417102 -0.1454655
vt -0.04178706 -0.1523245
vt -0.03952268 -0.1523498
vt -0.03944582 -0.1454909
vt -0.04421922 0.1039146
vt -0.04403881 0.1107716
vt -0.04693026 0.1108477
vt -0.04711067 0.1039907
vt -0.04171004 -0.1454655
vt -0.04856901 -0.1453887
vt -0.04864586 -0.1522476
vt -0.04178689 -0.1523245
vt 0.1579875 -0.09132551
vt 0.160675 -0.0976365
vt 0.1648516 -0.09585792
vt 0.1621641 -0.08954693
vt 0.1516765 -0.09401301
vt 0.1579875 -0.0913255
vt 0.157098 -0.08923665
vt 0.150787 -0.09192416
vt -0.04178687 -0.1523245
vt -0.04864584 -0.1522476
vt -0.04867241 -0.154619
vt -0.04181344 -0.1546959
vt 0.04171002 -0.1454655
vt 0.04856899 -0.1453886
vt 0.04854355 -0.1431184
vt 0.04168458 -0.1431953
vt -0.1579875 -0.09132546
vt -0.1516765 -0.09401299
vt -0.150787 -0.09192412
vt -0.157098 -0.08923661
vt -0.04856905 -0.1453887
vt -0.04171007 -0.1454655
vt -0.04168463 -0.1431953
vt -0.04854361 -0.1431184
vt -0.03736218 0.1037342
vt -0.03718177 0.1105912
vt -0.0440388 0.1107716
vt -0.04421922 0.1039146
vt 0.03736208 0.1037342
vt 0.03718166 0.1105912
vt 0.03491793 0.1105317
vt 0.03509834 0.1036747
vt 0.04178698 -0.1523245
vt 0.04171013 -0.1454655
vt 0.03944575 -0.1454909
vt 0.0395226 -0.1523498
vt -0.03718185 0.1105912
vt -0.03736226 0.1037342
vt -0.03509852 0.1036746
vt -0.03491811 0.1105316
vt 0.1516765 -0.09401302
vt 0.154364 -0.100324
vt 0.160675 -0.09763649
vt 0.1579875 -0.0913255
vt 0.04856918 -0.1453886
vt 0.04864604 -0.1522476
vt 0.0515383 -0.1522152
vt 0.05146145 -0.1453562
vt 0.04403897 0.1107716
vt 0.04421937 0.1039145
vt 0.04711083 0.1039906
vt 0.04693041 0.1108477
vt -0.04864596 -0.1522476
vt -0.04856911 -0.1453886
vt -0.05146138 -0.1453562
vt -0.05153823 -0.1522152
vt -0.1516765 -0.09401301
vt -0.1579875 -0.09132549
vt -0.160675 -0.09763648
vt -0.154364 -0.100324
vt -0.154364 -0.100324
vt -0.160675 -0.09763648
vt -0.1616042 -0.09981844
vt -0.1552932 -0.102506
vt 0.04864589 -0.1522477
vt 0.04178692 -0.1523245
vt 0.04181349 -0.1546959
vt 0.04867246 -0.1546191
vt 0.160675 -0.09763648
vt 0.154364 -0.100324
vt 0.1552932 -0.1025059
vt 0.1616042 -0.09981842
vt 0.0373622 0.1037342
vt 0.04421923 0.1039146
vt 0.04403882 0.1107716
vt 0.03718179 0.1105912
vt 0.03718175 0.1105912
vt 0.04403878 0.1107716
vt 0.04391938 0.1153095
vt 0.03706235 0.1151291
vt -0.160675 -0.09763651
vt -0.1579875 -0.09132551
vt -0.1621641 -0.08954693
vt -0.1648516 -0.09585793
vt -0.04403876 0.1107716
vt -0.03718173 0.1105912
vt -0.03706233 0.1151291
vt -0.04391936 0.1153095
vt 0.04171004 -0.1454655
vt 0.04178689 -0.1523245
vt 0.04864587 -0.1522476
vt 0.04856902 -0.1453886
vt -0.02845455 -0.1448116
vt -0.02847613 -0.151671
vt -0.02621163 -0.1516781
vt -0.02619005 -0.1448187
vt -0.03406803 0.1045518
vt -0.03401613 0.111411
vt -0.0369085 0.1114329
vt -0.03696039 0.1045737
vt -0.02845439 -0.1448116
vt -0.03531376 -0.14479
vt -0.03533534 -0.1516494
vt -0.02847597 -0.151671
vt 0.158272 -0.09110736
vt 0.160906 -0.09744085
vt 0.1650975 -0.09569763
vt 0.1624634 -0.08936416
vt 0.1519385 -0.09374146
vt 0.1582719 -0.09110735
vt 0.1574001 -0.08901106
vt 0.1510666 -0.09164517
vt -0.02847595 -0.151671
vt -0.03533532 -0.1516494
vt -0.03534278 -0.1540209
vt -0.02848341 -0.1540425
vt 0.02845436 -0.1448116
vt 0.03531374 -0.14479
vt 0.0353066 -0.1425197
vt 0.02844722 -0.1425412
vt -0.1582719 -0.09110735
vt -0.1519385 -0.09374144
vt -0.1510666 -0.09164514
vt -0.1574001 -0.08901105
vt -0.03531379 -0.1447901
vt -0.02845441 -0.1448116
vt -0.02844727 -0.1425413
vt -0.03530664 -0.1425197
vt -0.02720879 0.1044999
vt -0.0271569 0.1113591
vt -0.03401611 0.111411
vt -0.034068 0.1045518
vt 0.02720871 0.1044999
vt 0.02715681 0.1113591
vt 0.02489236 0.111342
vt 0.02494426 0.1044828
vt 0.02847606 -0.151671
vt 0.02845447 -0.1448116
vt 0.02618997 -0.1448187
vt 0.02621155 -0.1516781
vt -0.02715698 0.1113591
vt -0.02720887 0.1044999
vt -0.02494442 0.1044827
vt -0.02489253 0.1113419
vt 0.1519385 -0.09374146
vt 0.1545726 -0.1000749
vt 0.160906 -0.09744085
vt 0.1582719 -0.09110736
vt 0.03531393 -0.14479
vt 0.03533551 -0.1516494
vt 0.03822794 -0.1516403
vt 0.03820636 -0.1447809
vt 0.03401628 0.111411
vt 0.03406817 0.1045518
vt 0.03696053 0.1045736
vt 0.03690864 0.1114329
vt -0.03533544 -0.1516494
vt -0.03531385 -0.14479
vt -0.03820629 -0.1447809
vt -0.03822787 -0.1516403
vt -0.1519385 -0.09374146
vt -0.1582719 -0.09110736
vt -0.160906 -0.09744083
vt -0.1545726 -0.1000749
vt -0.1545726 -0.1000749
vt -0.160906 -0.09744082
vt -0.1618167 -0.09963055
vt -0.1554833 -0.1022647
vt 0.03533537 -0.1516494
vt 0.02847599 -0.151671
vt 0.02848346 -0.1540426
vt 0.03534282 -0.154021
vt 0.160906 -0.09744082
vt 0.1545726 -0.1000749
vt 0.1554833 -0.1022647
vt 0.1618167 -0.09963055
vt 0.02720883 0.1044999
vt 0.03406804 0.1045518
vt 0.03401615 0.111411
vt 0.02715694 0.1113591
vt 0.02715688 0.1113591
vt 0.03401609 0.111411
vt 0.03398175 0.1159504
vt 0.02712254 0.1158985
vt -0.1609061 -0.09744084
vt -0.158272 -0.09110737
vt -0.1624634 -0.08936415
vt -0.1650975 -0.09569763
vt -0.03401606 0.111411
vt -0.02715685 0.1113591
vt -0.02712251 0.1158985
vt -0.03398171 0.1159504
vt 0.02845439 -0.1448116
vt 0.02847597 -0.151671
vt 0.03533535 -0.1516494
vt 0.03531376 -0.14479
vt 0.1529257 -0.09525716
vt 0.1589513 -0.1096283
vt 0.1687599 -0.1055157
vt 0.1627342 -0.09114456
vt -0.1529257 -0.09525717
vt -0.1627342 -0.09114457
vt -0.1687598 -0.1055157
vt -0.1589513 -0.1096283
vt -0.03268371 -0.1467732
vt -0.04750582 -0.1466779
vt -0.04760592 -0.1622609
vt -0.03278381 -0.1623561
vt 0.03268371 -0.1467732
vt 0.03278381 -0.1623561
vt 0.04760591 -0.1622609
vt 0.04750582 -0.1466779
vt -0.03014041 0.1046711
vt -0.02997749 0.1153057
vt -0.04479816 0.1155328
vt -0.04496109 0.1048982
vt 0.03014039 0.1046712
vt 0.04496106 0.1048982
vt 0.04479813 0.1155328
vt 0.02997747 0.1153057
vt -0.1687598 -0.1055157
vt -0.1670411 -0.1014166
vt -0.1711401 -0.09969798
vt -0.1728588 -0.103797
vt 0.1687598 -0.1055157
vt 0.1728588 -0.103797
vt 0.1711401 -0.09969798
vt 0.1670411 -0.1014166
vt -0.03722836 -0.1623276
vt -0.03278371 -0.1623561
vt -0.03275517 -0.1579114
vt -0.03719981 -0.1578829
vt -0.1728588 -0.103797
vt -0.1711402 -0.09969798
vt -0.1907737 -0.09628548
vt 0.03442187 0.1153737
vt 0.0343538 0.1198179
vt 0.02990958 0.1197498
vt 0.02997766 0.1153056
vt -0.03442187 0.1153736
vt -0.02997766 0.1153056
vt -0.02990958 0.1197498
vt -0.0343538 0.1198179
vt -0.03435379 0.1198177
vt -0.02990958 0.1197496
vt -0.02961205 0.1391732
vt 0.1711402 -0.09969797
vt 0.1728588 -0.103797
vt 0.1907737 -0.09628548
vt 0.189055 -0.09218647
vt 0.02990959 0.1197496
vt 0.0343538 0.1198177
vt 0.03405628 0.1392413
vt 0.02961206 0.1391732
vt 0.0372283 -0.1623276
vt 0.03275511 -0.1579115
vt 0.03278366 -0.1623561
vt -0.1710499 -0.09917686
vt -0.1974234 -0.08866708
vt -0.1906834 -0.09576431
vt -0.06751718 0.1317357
vt -0.07354809 0.1397773
vt -0.06853109 0.1118337
vt 0.1716988 -0.03648363
vt 0.176977 -0.02824113
vt 0.1675589 -0.03175368
vt -0.1687599 -0.1055157
vt -0.1670412 -0.1014167
vt -0.1711402 -0.09969799
vt -0.1728589 -0.103797
vt 0.1687599 -0.1055157
vt 0.1728589 -0.103797
vt 0.1711402 -0.09969799
vt 0.1670412 -0.1014167
vt -0.04760598 -0.162261
vt -0.04316134 -0.1622895
vt -0.04313279 -0.1578449
vt -0.04757743 -0.1578163
vt -0.1728589 -0.103797
vt -0.1711402 -0.09969799
vt -0.1890551 -0.0921865
vt -0.1907737 -0.0962855
vt 0.04479832 0.1155327
vt 0.04473023 0.1199769
vt 0.04028602 0.1199088
vt 0.04035411 0.1154646
vt -0.04479832 0.1155327
vt -0.04035411 0.1154646
vt -0.04028602 0.1199088
vt -0.04473024 0.1199769
vt -0.04473022 0.1199767
vt -0.04028601 0.1199086
vt -0.04443266 0.1394003
vt 0.1711402 -0.09969799
vt 0.1728589 -0.103797
vt 0.1907737 -0.0962855
vt 0.04028608 0.1199086
vt 0.04473029 0.1199767
vt 0.04443274 0.1394003
vt 0.03998853 0.1393322
vt 0.04760619 -0.162261
vt 0.04757764 -0.1578164
vt 0.04316155 -0.1622896
vt -0.003543788 0.1256275
vt 0.002306086 0.1534087
vt -0.003846052 0.1455531
vt 0.190669 -0.09568095
vt 0.197409 -0.08858373
vt 0.1710355 -0.0990935
vt -0.1200975 -0.001374163
vt -0.1294606 0.002074245
vt -0.1241713 -0.006161137
vt -0.1644198 -0.09516485
vt -0.1627011 -0.09106584
vt -0.1668001 -0.08934717
vt -0.1685188 -0.09344618
vt 0.1644198 -0.09516484
vt 0.1685188 -0.09344618
vt 0.1668001 -0.08934717
vt 0.1627011 -0.09106584
vt -0.04753388 -0.1510373
vt -0.04308924 -0.1510659
vt -0.04306069 -0.1466212
vt -0.04750533 -0.1465927
vt -0.1685188 -0.09344618
vt -0.1668002 -0.08934717
vt -0.184715 -0.08183564
vt -0.1864337 -0.08593465
vt 0.04479818 0.1155326
vt 0.0447301 0.1199768
vt 0.04028588 0.1199087
vt 0.04035397 0.1154645
vt -0.04479818 0.1155326
vt -0.04035397 0.1154645
vt -0.04028588 0.1199087
vt -0.0447301 0.1199768
vt -0.04473012 0.1199764
vt -0.0402859 0.1199084
vt -0.03998834 0.139332
vt -0.04443255 0.1394
vt 0.1668002 -0.08934717
vt 0.1685188 -0.09344618
vt 0.184715 -0.08183564
vt 0.0402859 0.1199084
vt 0.04473012 0.1199765
vt 0.04443255 0.1394
vt 0.04753389 -0.1510374
vt 0.04750533 -0.1465927
vt 0.04306069 -0.1466213
vt 0.1688176 -0.09383985
vt 0.1951907 -0.08332907
vt 0.1850129 -0.08222807
vt 0.004392422 0.1455445
vt -0.001759757 0.1534001
vt 0.004090247 0.1256189
vt -0.1786299 -0.101513
vt -0.1887303 -0.103181
vt -0.1798261 -0.1076839
vt -0.1644529 -0.09524358
vt -0.1627342 -0.09114458
vt -0.1668332 -0.08942591
vt -0.1685519 -0.09352493
vt 0.1644529 -0.09524359
vt 0.1685519 -0.09352492
vt 0.1668333 -0.08942592
vt 0.1627342 -0.09114458
vt -0.03715686 -0.1511891
vt -0.03271222 -0.1512177
vt -0.03268367 -0.146773
vt -0.03712831 -0.1467445
vt -0.1685519 -0.09352492
vt -0.1668332 -0.08942591
vt -0.1847481 -0.08191449
vt 0.03442187 0.115374
vt 0.0343538 0.1198182
vt 0.02990958 0.1197501
vt 0.02997766 0.1153059
vt -0.03442188 0.115374
vt -0.02997766 0.1153059
vt -0.02990958 0.1197501
vt -0.03435379 0.1198182
vt -0.03435381 0.1198183
vt -0.0299096 0.1197502
vt -0.02961205 0.1391738
vt -0.03405626 0.1392419
vt 0.1668333 -0.08942591
vt 0.1685519 -0.09352492
vt 0.1864668 -0.0860135
vt 0.1847481 -0.08191448
vt 0.02990957 0.1197502
vt 0.03435379 0.1198183
vt 0.02961202 0.1391738
vt 0.03712832 -0.1467446
vt 0.03268367 -0.1467731
vt 0.03271222 -0.1512178
vt -0.1850039 -0.08224812
vt -0.1951817 -0.08334915
vt -0.1688085 -0.09385981
vt 0.0680031 0.1118081
vt 0.0730198 0.1397518
vt 0.06698897 0.1317102
vt 0.1890729 -0.05142902
vt 0.1980446 -0.04689598
vt 0.1879412 -0.04524593
vt 0.04863395 -0.1284297
vt 0.04766744 -0.1302028
vt 0.04866739 -0.1304488
vt 0.06398392 -0.1340282
vt 0.06229087 -0.1351288
vt 0.06305371 -0.1358205
vt 0.07351299 -0.1439685
vt 0.0714996 -0.1441234
vt 0.07183777 -0.1450961
vt 0.07488821 -0.1556428
vt 0.0730577 -0.1547901
vt 0.07287528 -0.1558037
vt 0.06692485 -0.1668294
vt 0.06578676 -0.1651613
vt 0.06511222 -0.1659394
vt 0.05046094 -0.1750736
vt 0.05038738 -0.1730556
vt 0.04940187 -0.1733543
vt 0.02998713 -0.1775116
vt 0.03102196 -0.1757775
vt 0.03003235 -0.1754927
vt 0.01263613 -0.1728002
vt 0.01443658 -0.1718858
vt 0.01375158 -0.1711169
vt 0.003830379 -0.1623486
vt 0.005845211 -0.1624836
vt 0.005649796 -0.1614725
vt 0.005082418 -0.1492038
vt 0.00677147 -0.1503105
vt 0.00709758 -0.1493338
vt 0.01509067 -0.1370174
vt 0.01604265 -0.1387983
vt 0.01679701 -0.1380973
vt 0.03093231 -0.1293556
vt 0.03092338 -0.1313749
vt 0.03192026 -0.1311167
vt 0.06407429 -0.06877757
vt 0.06307327 -0.06853589
vt 0.06217254 -0.07033745
vt 0.06405383 -0.07079164
vt 0.1036895 -0.09100527
vt 0.1029051 -0.09033807
vt 0.1012886 -0.09153968
vt 0.1027628 -0.0927936
vt 0.127339 -0.1183781
vt 0.1269103 -0.1174418
vt 0.1249373 -0.117847
vt 0.1257429 -0.1196067
vt 0.1351104 -0.1410243
vt 0.1351149 -0.1399945
vt 0.1331543 -0.1395332
vt 0.1331458 -0.1414685
vt 0.1239177 -0.1626281
vt 0.1244142 -0.1617259
vt 0.1229131 -0.160383
vt 0.12198 -0.1620785
vt 0.07875136 -0.1909332
vt 0.07969753 -0.1905268
vt 0.07933895 -0.1885448
vt 0.07756072 -0.1893086
vt 0.0002989779 -0.2043379
vt 0.001252594 -0.2047265
vt 0.002412606 -0.2030799
vt 0.0006203914 -0.2023495
vt -0.05353524 -0.1879402
vt -0.05302624 -0.1888354
vt -0.05109633 -0.1882589
vt -0.05205293 -0.1865765
vt -0.06830658 -0.1606874
vt -0.06829064 -0.161717
vt -0.06632125 -0.1621394
vt -0.06635121 -0.1602043
vt -0.05812482 -0.1267137
vt -0.05854363 -0.1276545
vt -0.05693481 -0.1288663
vt -0.0561477 -0.1270983
vt -0.02903887 -0.09110273
vt -0.02981585 -0.09177855
vt -0.02886944 -0.09355653
vt -0.0274092 -0.09228639
vt 0.0151305 -0.06757553
vt 0.01413242 -0.06782902
vt 0.01417669 -0.0698427
vt 0.01605248 -0.06936629
vt 0.08008905 -0.005944191
vt 0.07822032 -0.005440807
vt 0.07738137 -0.007263188
vt 0.0798991 -0.007941395
vt 0.1372645 -0.05462082
vt 0.1358302 -0.05332141
vt 0.1342532 -0.05456156
vt 0.1361856 -0.05631224
vt 0.1643072 -0.09699084
vt 0.1634272 -0.09526713
vt 0.1615128 -0.09586711
vt 0.1626984 -0.09818947
vt 0.1746115 -0.1132942
vt 0.174288 -0.1113861
vt 0.1722818 -0.1113853
vt 0.1727176 -0.1139561
vt 0.1742708 -0.1140892
vt 0.1745961 -0.1121814
vt 0.1727028 -0.1115177
vt 0.1722646 -0.1140881
vt 0.1367114 -0.1532742
vt 0.1381339 -0.1519619
vt 0.1370397 -0.1502803
vt 0.1351233 -0.1520484
vt -0.06865881 -0.1956473
vt -0.06720086 -0.1969201
vt -0.06564696 -0.1956511
vt -0.06761125 -0.1939363
vt -0.1291728 -0.1620401
vt -0.1288284 -0.1639445
vt -0.1268223 -0.1639232
vt -0.1272864 -0.1613573
vt -0.1294778 -0.1402643
vt -0.1297872 -0.1421748
vt -0.1278885 -0.1428227
vt -0.1274717 -0.1402487
vt -0.1108549 -0.09989022
vt -0.1117213 -0.1016208
vt -0.1101031 -0.1028067
vt -0.1089359 -0.1004751
vt -0.0709715 -0.04291746
vt -0.07239256 -0.0442313
vt -0.07129661 -0.04591172
vt -0.06938203 -0.04414159
vt -0.002079788 0.001776292
vt -0.003941873 0.001248867
vt -0.003726205 -0.0007457235
vt -0.001217422 -3.513639E-05
vt 0.1010229 0.04859477
vt 0.09856267 0.04945873
vt 0.0977342 0.04763928
vt 0.1005318 0.04665681
vt 0.1661789 -0.03695685
vt 0.1644327 -0.03502043
vt 0.1628342 -0.03622111
vt 0.1648199 -0.03842311
vt 0.1844663 -0.08804895
vt 0.1832968 -0.08571843
vt 0.1814369 -0.08645163
vt 0.1827668 -0.08910181
vt 0.1881829 -0.087943
vt 0.1873865 -0.08546012
vt 0.1854359 -0.08589803
vt 0.1863415 -0.08872145
vt 0.1863761 -0.04380221
vt 0.1858056 -0.04125791
vt 0.1838235 -0.04151908
vt 0.1844723 -0.04441234
vt 0.1746064 0.04341687
vt 0.1739241 0.04593348
vt 0.1719555 0.045585
vt 0.1727314 0.04272321
vt -0.1873552 -0.02708669
vt -0.1880584 -0.02959757
vt -0.1861892 -0.03030672
vt -0.1853896 -0.02745146
vt -0.179693 -0.09943055
vt -0.18026 -0.1019756
vt -0.1783554 -0.1025832
